2000.083333 2.950000 0.091000
2000.166667 4.184000 0.093000
2000.250000 6.219000 0.120000
2000.333333 9.552000 0.075000
2000.416667 11.874000 0.064000
2000.500000 14.060000 0.100000
2000.583333 14.848000 0.120000
2000.666667 14.519000 0.086000
2000.750000 12.547000 0.058000
2000.833333 9.486000 0.047000
2000.916667 6.312000 0.084000
2001.000000 3.863000 0.064000
2001.083333 3.336000 0.077000
2001.166667 3.720000 0.109000
2001.250000 6.208000 0.058000
2001.333333 9.245000 0.098000
2001.416667 12.271000 0.105000
2001.500000 14.110000 0.085000
2001.583333 15.161000 0.101000
2001.666667 14.427000 0.115000
2001.750000 12.736000 0.087000
2001.833333 9.935000 0.073000
2001.916667 7.319000 0.086000
2002.000000 4.507000 0.055000
2002.083333 4.026000 0.065000
2002.166667 4.704000 0.078000
2002.250000 6.772000 0.034000
2002.333333 9.229000 0.049000
2002.416667 12.248000 0.081000
2002.500000 14.084000 0.052000
2002.583333 15.354000 0.077000
2002.666667 14.560000 0.067000
2002.750000 12.950000 0.103000
2002.833333 9.988000 0.079000
2002.916667 6.892000 0.120000
2003.000000 4.038000 0.064000
2003.083333 3.981000 0.070000
2003.166667 4.085000 0.097000
2003.250000 6.048000 0.055000
2003.333333 9.154000 0.074000
2003.416667 12.153000 0.095000
2003.500000 14.017000 0.135000
2003.583333 14.983000 0.184000
2003.666667 14.691000 0.089000
2003.750000 12.911000 0.067000
2003.833333 10.424000 0.085000
2003.916667 6.727000 0.075000
2004.000000 5.133000 0.062000
2004.083333 3.525000 0.062000
2004.166667 4.499000 0.104000
2004.250000 6.321000 0.069000
2004.333333 9.249000 0.057000
2004.416667 11.571000 0.070000
2004.500000 13.889000 0.097000
2004.583333 14.312000 0.115000
2004.666667 14.188000 0.104000
2004.750000 12.642000 0.084000
2004.833333 10.127000 0.091000
2004.916667 7.315000 0.092000
2005.000000 4.257000 0.056000
2005.083333 3.808000 0.064000
2005.166667 3.920000 0.115000
2005.250000 6.544000 0.060000
2005.333333 9.618000 0.052000
2005.416667 12.226000 0.090000
2005.500000 14.476000 0.083000
2005.583333 15.190000 0.094000
2005.666667 14.510000 0.078000
2005.750000 13.217000 0.080000
2005.833333 10.601000 0.064000
2005.916667 7.423000 0.068000
2006.000000 4.878000 0.054000
2006.083333 3.286000 0.064000
2006.166667 4.430000 0.118000
2006.250000 6.329000 0.077000
2006.333333 9.055000 0.089000
2006.416667 11.786000 0.092000
2006.500000 14.443000 0.093000
2006.583333 15.042000 0.116000
2006.666667 14.913000 0.107000
2006.750000 12.875000 0.104000
2006.833333 10.289000 0.077000
2006.916667 6.955000 0.078000
2007.000000 4.987000 0.065000
2007.083333 4.579000 0.059000
2007.166667 4.221000 0.077000
2007.250000 6.485000 0.113000
2007.333333 9.823000 0.109000
2007.416667 12.518000 0.070000
2007.500000 14.309000 0.072000
2007.583333 15.230000 0.115000
2007.666667 14.752000 0.113000
2007.750000 12.930000 0.102000
2007.833333 10.332000 0.100000
2007.916667 7.084000 0.085000
2008.000000 4.523000 0.059000
2008.083333 2.844000 0.059000
2008.166667 3.576000 0.068000
2008.250000 6.906000 0.099000
2008.333333 9.295000 0.083000
2008.416667 12.054000 0.071000
2008.500000 14.145000 0.097000
2008.583333 15.174000 0.072000
2008.666667 14.377000 0.113000
2008.750000 12.802000 0.087000
2008.833333 10.399000 0.078000
2008.916667 7.224000 0.064000
2009.000000 4.385000 0.056000
2009.083333 3.687000 0.078000
2009.166667 4.094000 0.083000
2009.250000 6.086000 0.058000
2009.333333 9.367000 0.084000
2009.416667 12.112000 0.104000
2009.500000 14.201000 0.074000
2009.583333 15.231000 0.148000
2009.666667 14.655000 0.109000
2009.750000 13.153000 0.050000
2009.833333 10.136000 0.075000
2009.916667 7.031000 0.087000
2010.000000 4.310000 0.081000
2010.083333 3.737000 0.079000
2010.166667 4.399000 0.080000
2010.250000 6.738000 0.057000
2010.333333 9.671000 0.087000
2010.416667 12.406000 0.078000
2010.500000 14.421000 0.086000
2010.583333 15.213000 0.090000
2010.666667 14.768000 0.112000
2010.750000 12.863000 0.065000
2010.833333 10.442000 0.070000
2010.916667 7.487000 0.102000
2011.000000 4.292000 0.095000
2011.083333 3.282000 0.082000
2011.166667 3.743000 0.067000
2011.250000 6.101000 0.064000
2011.333333 9.483000 0.046000
2011.416667 11.986000 0.056000
2011.500000 14.370000 0.082000
2011.583333 15.482000 0.113000
2011.666667 15.012000 0.091000
2011.750000 12.912000 0.083000
2011.833333 10.352000 0.087000
2011.916667 6.814000 0.107000
2012.000000 4.655000 0.106000
2012.083333 3.157000 0.085000
2012.166667 3.628000 0.102000
2012.250000 6.023000 0.054000
2012.333333 9.676000 0.055000
2012.416667 12.590000 0.109000
2012.500000 14.492000 0.078000
2012.583333 15.076000 0.076000
2012.666667 14.720000 0.069000
2012.750000 13.040000 0.069000
2012.833333 10.428000 0.098000
2012.916667 7.156000 0.116000
2013.000000 4.102000 0.090000
2013.083333 3.685000 0.097000
2013.166667 4.222000 0.093000
2013.250000 6.261000 0.090000
2013.333333 9.044000 0.098000
2013.416667 12.195000 0.104000
2013.500000 14.568000 0.090000
2013.583333 15.003000 0.126000
2013.666667 14.742000 0.129000
2013.750000 13.154000 0.104000
2013.833333 10.256000 0.077000
2013.916667 7.424000 0.079000
2014.000000 4.724000 0.085000
2014.083333 3.732000 0.075000
2014.166667 3.500000 0.068000
2014.250000 6.378000 0.098000
2014.333333 9.589000 0.111000
2014.416667 12.582000 0.068000
2014.500000 14.335000 0.096000
2014.583333 14.873000 0.078000
2014.666667 14.875000 0.115000
2014.750000 13.091000 0.086000
2014.833333 10.330000 0.076000
2014.916667 6.713000 0.121000
2015.000000 4.850000 0.090000
2015.083333 3.881000 0.130000
2015.166667 4.664000 0.121000
2015.250000 6.740000 0.060000
2015.333333 9.313000 0.088000
2015.416667 12.312000 0.081000
2015.500000 14.505000 0.068000
2015.583333 15.051000 0.086000
2015.666667 14.755000 0.072000
2015.750000 12.999000 0.079000
2015.833333 10.801000 0.102000
2015.916667 7.433000 0.119000
2016.000000 5.518000 0.100000
