1850 14.867167
1851 16.230764
1852 16.359064
1853 16.318422
1854 16.350868
1855 16.383656
1856 16.244638
1857 16.111970
1858 16.224164
1859 16.281930
1860 16.239744
1861 16.153979
1862 16.086248
1863 16.276271
1864 16.252856
1865 16.351071
1866 16.419589
1867 16.426966
1868 16.465830
1869 16.437653
1870 16.374138
1871 16.370428
1872 16.383536
1873 16.414545
1874 16.324879
1875 16.282323
1876 16.266277
1877 16.638190
1878 16.743932
1879 16.459744
1880 16.380312
1881 16.452193
1882 16.427599
1883 16.332217
1884 16.194268
1885 16.203939
1886 16.185578
1887 16.164798
1888 16.341150
1889 16.475179
1890 16.213682
1891 16.294973
1892 16.240414
1893 16.265618
1894 16.270218
1895 16.324852
1896 16.450988
1897 16.446249
1898 16.257437
1899 16.403120
1900 16.510843
1901 16.449237
1902 16.329103
1903 16.197342
1904 16.160195
1905 16.301350
1906 16.390362
1907 16.240697
1908 16.191558
1909 16.139630
1910 16.164052
1911 16.123004
1912 16.220750
1913 16.260479
1914 16.431290
1915 16.513024
1916 16.277419
1917 16.166202
1918 16.307017
1919 16.365668
1920 16.390056
1921 16.467921
1922 16.384660
1923 16.393222
1924 16.405435
1925 16.457453
1926 16.612538
1927 16.506628
1928 16.507802
1929 16.343067
1930 16.534422
1931 16.606119
1932 16.571843
1933 16.393904
1934 16.510659
1935 16.494722
1936 16.540727
1937 16.678894
1938 16.682991
1939 16.692583
1940 16.763132
1941 16.781594
1942 16.723800
1943 16.738650
1944 16.843971
1945 16.734414
1946 16.657285
1947 16.698274
1948 16.652689
1949 16.610474
1950 16.523706
1951 16.688142
1952 16.753762
1953 16.817230
1954 16.632019
1955 16.560335
1956 16.486028
1957 16.747919
1958 16.777743
1959 16.738645
1960 16.686804
1961 16.770484
1962 16.723124
1963 16.770260
1964 16.514605
1965 16.571967
1966 16.645664
1967 16.681305
1968 16.654025
1969 16.778335
1970 16.730861
1971 16.594238
1972 16.675770
1973 16.794397
1974 16.567616
1975 16.619301
1976 16.516025
1977 16.784585
1978 16.699632
1979 16.805803
1980 16.892317
1981 16.923860
1982 16.752238
1983 16.916270
1984 16.753856
1985 16.736821
1986 16.778735
1987 16.922728
1988 16.965977
1989 16.855415
1990 17.033951
1991 17.017496
1992 16.871125
1993 16.872344
1994 16.941029
1995 17.049586
1996 16.945465
1997 17.125955
1998 17.253163
1999 17.038097
2000 17.030508
2001 17.186709
2002 17.261392
2003 17.265033
2004 17.196003
2005 17.312250
2006 17.256188
2007 17.265349
2008 17.160029
2009 17.257169
2010 17.333597
2011 17.213966
2012 17.236831
2013 17.290819
2014 17.353902
2015 17.504742
