0 8.541917
1 8.304417
2 8.220167
3 8.090917
4 8.225167
5 8.379083
6 7.947167
7 8.186083
8 8.178250
9 8.223000
10 8.177000
11 8.165417
12 8.297750
13 8.590500
14 8.593167
15 8.225250
16 8.023333
17 8.130833
18 8.382250
19 8.358750
20 8.571000
21 8.408000
22 8.422167
23 8.506833
24 8.534417
25 8.728833
26 8.522083
27 8.632167
28 8.242417
29 8.633583
30 8.719250
31 8.705250
32 8.338250
33 8.628333
34 8.515750
35 8.554000
36 8.698333
37 8.863667
38 8.760333
39 8.764667
40 8.768667
41 8.728417
42 8.755083
43 8.845000
44 8.584833
45 8.676917
46 8.797083
47 8.746750
48 8.586750
49 8.365250
50 8.625667
51 8.638250
52 8.873750
53 8.560667
54 8.626250
55 8.279583
56 8.732500
57 8.773750
58 8.732667
59 8.583750
60 8.797667
61 8.745917
62 8.856000
63 8.409667
64 8.527417
65 8.599333
66 8.700083
67 8.516333
68 8.595083
69 8.700917
70 8.599250
71 8.499583
72 8.948250
73 8.467500
74 8.744833
75 8.347250
76 8.850250
77 8.692750
78 8.733417
79 8.980333
80 9.165833
81 8.639167
82 9.028167
83 8.691833
84 8.658000
85 8.833583
86 8.994417
87 9.201583
88 8.922000
89 9.234167
90 9.179417
91 8.836583
92 8.866583
93 9.038750
94 9.347083
95 9.038917
96 9.202583
97 9.522667
98 9.285083
99 9.201167
