0 8.589667
1 8.578167
2 8.503000
3 8.844833
4 8.562750
5 8.434083
6 8.281417
7 7.626833
8 7.076417
9 6.922667
10 6.859500
11 7.046250
12 7.739917
13 7.591750
14 7.239333
15 6.937500
16 6.975667
17 7.828917
18 7.369167
19 7.616250
20 8.090083
21 8.188333
22 7.718667
23 8.547167
24 8.389333
25 8.356583
26 8.808750
27 8.165333
28 7.941833
29 8.516750
30 7.639167
31 7.450167
32 8.013000
33 8.146750
34 7.392500
35 7.695833
36 7.375667
37 7.514917
38 7.632250
39 7.796250
40 7.688167
41 8.022750
42 8.173667
43 7.646333
44 7.851167
45 8.552750
46 8.086000
47 7.979500
48 7.984417
49 7.900667
50 8.178583
51 8.100167
52 8.041833
53 8.210500
54 8.110750
55 7.995917
56 7.758167
57 8.100250
58 8.252000
59 7.960833
60 7.846500
61 7.558583
62 8.111833
63 7.983583
64 8.177833
65 8.292167
66 8.436333
67 8.247917
68 8.432083
69 8.201333
70 8.115083
71 8.193833
72 8.351083
73 8.433500
74 7.859583
75 8.080083
76 8.539583
77 8.829750
78 8.165833
79 8.118750
80 8.270917
81 8.128917
82 7.976917
83 7.773667
84 7.919667
85 7.954500
86 7.914917
87 8.090500
88 8.319000
89 7.971667
90 8.019333
91 8.065833
92 8.056750
93 8.161000
94 8.147000
95 8.214917
96 8.293333
97 8.178000
98 8.396333
99 8.501583
